SampleNumber	Tile	NumberOfReadsRaw	NumberOfReadsPF
0	1101	4695958	634871
9	1101	2564550	1282275
10	1101	2691284	1345642
0	1102	4596770	644320
9	1102	2610224	1305112
10	1102	2744798	1372399
0	1103	4543776	647470
9	1103	2632194	1316097
10	1103	2775822	1387911
0	1104	4504384	645818
9	1104	2652786	1326393
10	1104	2794622	1397311
0	1105	4497558	651205
9	1105	2651120	1325560
10	1105	2803114	1401557
0	1106	4534012	649639
9	1106	2628904	1314452
10	1106	2788876	1394438
0	1107	4516750	652211
9	1107	2638736	1319368
10	1107	2796306	1398153
0	1108	4527464	653053
9	1108	2625952	1312976
10	1108	2798376	1399188
0	1109	4539390	652910
9	1109	2619324	1309662
10	1109	2793078	1396539
0	1110	4559096	643149
9	1110	2607440	1303720
10	1110	2785256	1392628
0	1111	4512428	648244
9	1111	2630104	1315052
10	1111	2809260	1404630
0	1112	4511186	652614
9	1112	2625424	1312712
10	1112	2815182	1407591
0	1113	4516520	651795
9	1113	2626168	1313084
10	1113	2809104	1404552
0	1114	4522740	651380
9	1114	2616496	1308248
10	1114	2812556	1406278
0	1115	4509954	653873
9	1115	2619380	1309690
10	1115	2822458	1411229
0	1116	4513876	657846
9	1116	2624220	1312110
10	1116	2813696	1406848
0	1117	4477794	656138
9	1117	2634246	1317123
10	1117	2839752	1419876
0	1118	4477184	658460
9	1118	2635342	1317671
10	1118	2839266	1419633
0	1119	4471574	657557
9	1119	2634116	1317058
10	1119	2846102	1423051
0	1120	4479578	655403
9	1120	2630692	1315346
10	1120	2841522	1420761
0	1121	4480824	655301
9	1121	2624082	1312041
10	1121	2846886	1423443
0	1122	4421390	662163
9	1122	2660892	1330446
10	1122	2869510	1434755
0	1123	4390392	673325
9	1123	2675798	1337899
10	1123	2885602	1442801
0	1124	4355580	668990
9	1124	2693874	1346937
10	1124	2902338	1451169
0	1125	4387214	658763
9	1125	2676266	1338133
10	1125	2888312	1444156
0	1126	4371954	665365
9	1126	2683378	1341689
10	1126	2896460	1448230
0	1127	4350528	666321
9	1127	2688598	1344299
10	1127	2912666	1456333
0	1128	4387160	665381
9	1128	2668796	1334398
10	1128	2895836	1447918
0	1129	4416256	657926
9	1129	2652280	1326140
10	1129	2883256	1441628
0	1130	4410582	660911
9	1130	2651554	1325777
10	1130	2889656	1444828
0	1131	4422812	657141
9	1131	2641214	1320607
10	1131	2887766	1443883
0	1132	4436520	660609
9	1132	2640156	1320078
10	1132	2875116	1437558
0	1133	4438468	653073
9	1133	2635942	1317971
10	1133	2877382	1438691
0	1134	4411206	653263
9	1134	2649798	1324899
10	1134	2890788	1445394
0	1135	4437868	647230
9	1135	2637070	1318535
10	1135	2876854	1438427
0	1136	4445184	646054
9	1136	2632122	1316061
10	1136	2874486	1437243
0	1137	4422362	654569
9	1137	2645520	1322760
10	1137	2883910	1441955
0	1138	4430870	658006
9	1138	2640400	1320200
10	1138	2880522	1440261
0	1139	4461404	645701
9	1139	2619156	1309578
10	1139	2871232	1435616
0	1140	4393334	668857
9	1140	2652132	1326066
10	1140	2906326	1453163
0	1141	4375580	666003
9	1141	2664360	1332180
10	1141	2911852	1455926
0	1142	4417524	653283
9	1142	2643680	1321840
10	1142	2890588	1445294
0	1143	4370598	666703
9	1143	2667508	1333754
10	1143	2913686	1456843
0	1144	4375594	662282
9	1144	2663612	1331806
10	1144	2912586	1456293
0	1145	4373970	664083
9	1145	2665676	1332838
10	1145	2912146	1456073
0	1146	4349110	666782
9	1146	2676448	1338224
10	1146	2926234	1463117
0	1147	4376118	664054
9	1147	2660514	1330257
10	1147	2915160	1457580
0	1148	6227252	1600615
9	1148	1777760	888880
10	1148	1946780	973390
0	1149	4395236	667102
9	1149	2647314	1323657
10	1149	2909242	1454621
0	1150	4400972	663322
9	1150	2647940	1323970
10	1150	2902880	1451440
0	1151	4409488	666371
9	1151	2643576	1321788
10	1151	2898728	1449364
0	1152	4435254	666956
9	1152	2633322	1316661
10	1152	2883216	1441608
0	1153	4399432	669187
9	1153	2646246	1323123
10	1153	2906114	1453057
0	1154	4420748	683355
9	1154	2631150	1315575
10	1154	2899894	1449947
0	1155	4416614	671719
9	1155	2635012	1317506
10	1155	2900166	1450083
0	1156	4447268	676873
9	1156	2616588	1308294
10	1156	2887936	1443968
0	1157	4397166	676313
9	1157	2644100	1322050
10	1157	2910526	1455263
0	1158	4381042	684749
9	1158	2647832	1323916
10	1158	2922918	1461459
0	1159	4360732	675012
9	1159	2663152	1331576
10	1159	2927908	1463954
0	1160	4317190	675908
9	1160	2683464	1341732
10	1160	2951138	1475569
0	1161	4300822	672894
9	1161	2695756	1347878
10	1161	2955214	1477607
0	1162	4276862	676402
9	1162	2711100	1355550
10	1162	2963830	1481915
0	1163	4238652	681837
9	1163	2724500	1362250
10	1163	2988640	1494320
0	1164	4212800	686798
9	1164	2733780	1366890
10	1164	3005212	1502606
0	1165	8026636	2645984
9	1165	913356	456678
10	1165	1011800	505900
0	1166	7945688	2663362
9	1166	953480	476740
10	1166	1052624	526312
0	1167	4036118	682657
9	1167	2815366	1407683
10	1167	3100308	1550154
0	1168	9951792	3674818
9	1168	0	0
10	1168	0	0
0	1169	7949128	2682469
9	1169	954784	477392
10	1169	1047880	523940
0	1170	9951792	3678467
9	1170	0	0
10	1170	0	0
0	1171	9951792	3672186
9	1171	0	0
10	1171	0	0
0	1172	9951792	3653080
9	1172	0	0
10	1172	0	0
0	1173	9951792	3679457
9	1173	0	0
10	1173	0	0
0	1174	9951792	3689551
9	1174	0	0
10	1174	0	0
0	1175	9951792	3687946
9	1175	0	0
10	1175	0	0
0	1176	9951792	1684832
9	1176	0	0
10	1176	0	0
0	1177	9951792	3524760
9	1177	0	0
10	1177	0	0
0	1178	9951792	3691582
9	1178	0	0
10	1178	0	0
0	1179	9951792	3709069
9	1179	0	0
10	1179	0	0
0	1180	9951792	3714336
9	1180	0	0
10	1180	0	0
0	1181	9951792	3714201
9	1181	0	0
10	1181	0	0
0	1182	9951792	3721353
9	1182	0	0
10	1182	0	0
0	1183	9951792	3720211
9	1183	0	0
10	1183	0	0
0	1184	9951792	3742398
9	1184	0	0
10	1184	0	0
0	1185	9951792	3708687
9	1185	0	0
10	1185	0	0
0	1186	9951792	3717831
9	1186	0	0
10	1186	0	0
0	1187	9951792	3680638
9	1187	0	0
10	1187	0	0
0	1188	9951792	3651107
9	1188	0	0
10	1188	0	0
0	1189	9951792	3634601
9	1189	0	0
10	1189	0	0
0	1190	9951792	3642837
9	1190	0	0
10	1190	0	0
0	1191	9951792	3628501
9	1191	0	0
10	1191	0	0
0	1192	9951792	3637143
9	1192	0	0
10	1192	0	0
0	1193	9951792	3662842
9	1193	0	0
10	1193	0	0
0	1194	9951792	3649582
9	1194	0	0
10	1194	0	0
0	1195	9951792	3696794
9	1195	0	0
10	1195	0	0
0	1196	9951792	3682744
9	1196	0	0
10	1196	0	0
0	1197	9951792	3678478
9	1197	0	0
10	1197	0	0
0	1198	7969588	2629830
9	1198	950856	475428
10	1198	1031348	515674
0	1201	6351628	1548745
9	1201	1763152	881576
10	1201	1837012	918506
0	1202	6328950	1545645
9	1202	1772364	886182
10	1202	1850478	925239
0	1203	6307596	1551459
9	1203	1781750	890875
10	1203	1862446	931223
0	1204	6287138	1571725
9	1204	1790362	895181
10	1204	1874292	937146
0	1205	4435478	639247
9	1205	2698490	1349245
10	1205	2817824	1408912
0	1206	4465676	645128
9	1206	2681316	1340658
10	1206	2804800	1402400
0	1207	4477650	651285
9	1207	2670326	1335163
10	1207	2803816	1401908
0	1208	4485488	659461
9	1208	2661678	1330839
10	1208	2804626	1402313
0	1209	4455940	654485
9	1209	2672940	1336470
10	1209	2822912	1411456
0	1210	4440438	654655
9	1210	2673878	1336939
10	1210	2837476	1418738
0	1211	6266276	1560888
9	1211	1791572	895786
10	1211	1893944	946972
0	1212	4438904	653507
9	1212	2674312	1337156
10	1212	2838576	1419288
0	1213	4428532	649363
9	1213	2673608	1336804
10	1213	2849652	1424826
0	1214	4482082	667677
9	1214	2646350	1323175
10	1214	2823360	1411680
0	1215	4476242	669611
9	1215	2640108	1320054
10	1215	2835442	1417721
0	1216	4462472	659427
9	1216	2648724	1324362
10	1216	2840596	1420298
0	1217	4462438	653174
9	1217	2648234	1324117
10	1217	2841120	1420560
0	1218	4490058	659610
9	1218	2631496	1315748
10	1218	2830238	1415119
0	1219	6305204	1561585
9	1219	1756212	878106
10	1219	1890376	945188
0	1220	6296866	1569287
9	1220	1760662	880331
10	1220	1894264	947132
0	1221	8133608	2480877
9	1221	877128	438564
10	1221	941056	470528
0	1222	6316150	1575173
9	1222	1747822	873911
10	1222	1887820	943910
0	1223	8071274	2522870
9	1223	906342	453171
10	1223	974176	487088
0	1224	6222576	1603599
9	1224	1793304	896652
10	1224	1935912	967956
0	1225	4360388	674987
9	1225	2692752	1346376
10	1225	2898652	1449326
0	1226	4336040	678058
9	1226	2702498	1351249
10	1226	2913254	1456627
0	1227	9951792	3449119
9	1227	0	0
10	1227	0	0
0	1228	6252272	1588010
9	1228	1777788	888894
10	1228	1921732	960866
0	1229	6236116	1566336
9	1229	1782906	891453
10	1229	1932770	966385
0	1230	8108240	2509881
9	1230	884594	442297
10	1230	958958	479479
0	1231	6269986	1587776
9	1231	1765080	882540
10	1231	1916726	958363
0	1232	6269896	1586959
9	1232	1762876	881438
10	1232	1919020	959510
0	1233	4444338	658266
9	1233	2634166	1317083
10	1233	2873288	1436644
0	1234	6245204	1590023
9	1234	1777790	888895
10	1234	1928798	964399
0	1235	6251250	1585896
9	1235	1770824	885412
10	1235	1929718	964859
0	1236	6258600	1580603
9	1236	1768762	884381
10	1236	1924430	962215
0	1237	6241374	1589348
9	1237	1775980	887990
10	1237	1934438	967219
0	1238	9951792	3449796
9	1238	0	0
10	1238	0	0
0	1239	4372410	662912
9	1239	2667334	1333667
10	1239	2912048	1456024
0	1240	6220598	1591958
9	1240	1781964	890982
10	1240	1949230	974615
0	1241	6252568	1600901
9	1241	1765844	882922
10	1241	1933380	966690
0	1242	8106268	2530520
9	1242	880254	440127
10	1242	965270	482635
0	1243	9951792	3461911
9	1243	0	0
10	1243	0	0
0	1244	8099024	2525553
9	1244	884528	442264
10	1244	968240	484120
0	1245	8102640	2532042
9	1245	879268	439634
10	1245	969884	484942
0	1246	9951792	3465393
9	1246	0	0
10	1246	0	0
0	1247	8090824	2535443
9	1247	888752	444376
10	1247	972216	486108
0	1248	9951792	3459773
9	1248	0	0
10	1248	0	0
0	1249	8109174	2519144
9	1249	877748	438874
10	1249	964870	482435
0	1250	9951792	3418072
9	1250	0	0
10	1250	0	0
0	1251	6248174	1601728
9	1251	1759514	879757
10	1251	1944104	972052
0	1252	9951792	3447116
9	1252	0	0
10	1252	0	0
0	1253	9951792	3455028
9	1253	0	0
10	1253	0	0
0	1254	9951792	3459220
9	1254	0	0
10	1254	0	0
0	1255	9951792	3448036
9	1255	0	0
10	1255	0	0
0	1256	9951792	3449290
9	1256	0	0
10	1256	0	0
0	1257	9951792	3466343
9	1257	0	0
10	1257	0	0
0	1258	8102738	2536141
9	1258	883706	441853
10	1258	965348	482674
0	1259	9951792	3474775
9	1259	0	0
10	1259	0	0
0	1260	8077930	2572160
9	1260	893302	446651
10	1260	980560	490280
0	1261	9951792	3495905
9	1261	0	0
10	1261	0	0
0	1262	9951792	3522320
9	1262	0	0
10	1262	0	0
0	1263	9951792	3524966
9	1263	0	0
10	1263	0	0
0	1264	9951792	3530221
9	1264	0	0
10	1264	0	0
0	1265	9951792	3545270
9	1265	0	0
10	1265	0	0
0	1266	9951792	3588991
9	1266	0	0
10	1266	0	0
0	1267	9951792	3593700
9	1267	0	0
10	1267	0	0
0	1268	9951792	3596099
9	1268	0	0
10	1268	0	0
0	1269	9951792	3599611
9	1269	0	0
10	1269	0	0
0	1270	9951792	3561660
9	1270	0	0
10	1270	0	0
0	1271	9951792	3612714
9	1271	0	0
10	1271	0	0
0	1272	9951792	3581612
9	1272	0	0
10	1272	0	0
0	1273	9951792	3602723
9	1273	0	0
10	1273	0	0
0	1274	9951792	3648331
9	1274	0	0
10	1274	0	0
0	1275	9951792	3646266
9	1275	0	0
10	1275	0	0
0	1276	9951792	3617110
9	1276	0	0
10	1276	0	0
0	1277	9951792	3619773
9	1277	0	0
10	1277	0	0
0	1278	9951792	3647827
9	1278	0	0
10	1278	0	0
0	1279	9951792	3649608
9	1279	0	0
10	1279	0	0
0	1280	9951792	3657943
9	1280	0	0
10	1280	0	0
0	1281	9951792	3679623
9	1281	0	0
10	1281	0	0
0	1282	9951792	3693737
9	1282	0	0
10	1282	0	0
0	1283	9951792	3712886
9	1283	0	0
10	1283	0	0
0	1284	9951792	3699488
9	1284	0	0
10	1284	0	0
0	1285	9951792	3669491
9	1285	0	0
10	1285	0	0
0	1286	9951792	3621540
9	1286	0	0
10	1286	0	0
0	1287	9951792	3556251
9	1287	0	0
10	1287	0	0
0	1288	9951792	3564640
9	1288	0	0
10	1288	0	0
0	1289	9951792	3536688
9	1289	0	0
10	1289	0	0
0	1290	9951792	3555331
9	1290	0	0
10	1290	0	0
0	1291	9951792	3565337
9	1291	0	0
10	1291	0	0
0	1292	9951792	3575328
9	1292	0	0
10	1292	0	0
0	1293	9951792	3589223
9	1293	0	0
10	1293	0	0
0	1294	9951792	3624238
9	1294	0	0
10	1294	0	0
0	1295	9951792	3663223
9	1295	0	0
10	1295	0	0
0	1296	9951792	3655640
9	1296	0	0
10	1296	0	0
0	1297	9951792	3632320
9	1297	0	0
10	1297	0	0
0	1298	9951792	3504418
9	1298	0	0
10	1298	0	0
0	2101	5194306	651900
9	2101	2277966	1138983
10	2101	2479520	1239760
0	2102	5087364	635952
9	2102	2345298	1172649
10	2102	2519130	1259565
0	2103	5043198	647230
9	2103	2360916	1180458
10	2103	2547678	1273839
0	2104	5044196	635866
9	2104	2364000	1182000
10	2104	2543596	1271798
0	2105	5018410	646177
9	2105	2372034	1186017
10	2105	2561348	1280674
0	2106	4985044	642197
9	2106	2395700	1197850
10	2106	2571048	1285524
0	2107	4990080	630456
9	2107	2389892	1194946
10	2107	2571820	1285910
0	2108	4942176	647353
9	2108	2401394	1200697
10	2108	2608222	1304111
0	2109	4926558	648162
9	2109	2402908	1201454
10	2109	2622326	1311163
0	2110	4901320	630172
9	2110	2428802	1214401
10	2110	2621670	1310835
0	2111	4897766	644881
9	2111	2425548	1212774
10	2111	2628478	1314239
0	2112	4863960	634392
9	2112	2442676	1221338
10	2112	2645156	1322578
0	2113	4843582	636706
9	2113	2452862	1226431
10	2113	2655348	1327674
0	2114	4881642	649123
9	2114	2422700	1211350
10	2114	2647450	1323725
0	2115	4876436	656875
9	2115	2420724	1210362
10	2115	2654632	1327316
0	2116	4839728	635494
9	2116	2450880	1225440
10	2116	2661184	1330592
0	2117	4832638	630269
9	2117	2456434	1228217
10	2117	2662720	1331360
0	2118	4832488	626527
9	2118	2456260	1228130
10	2118	2663044	1331522
0	2119	4866944	645248
9	2119	2439594	1219797
10	2119	2645254	1322627
0	2120	4865820	642867
9	2120	2422656	1211328
10	2120	2663316	1331658
0	2121	6549544	1488223
9	2121	1630914	815457
10	2121	1771334	885667
0	2122	6526224	1517624
9	2122	1632966	816483
10	2122	1792602	896301
0	2123	4669422	642131
9	2123	2531682	1265841
10	2123	2750688	1375344
0	2124	9951792	3301274
9	2124	0	0
10	2124	0	0
0	2125	8165712	2419632
9	2125	854738	427369
10	2125	931342	465671
0	2126	9951792	3299544
9	2126	0	0
10	2126	0	0
0	2127	6433196	1516340
9	2127	1684528	842264
10	2127	1834068	917034
0	2128	9951792	3254175
9	2128	0	0
10	2128	0	0
0	2129	9951792	3239853
9	2129	0	0
10	2129	0	0
0	2130	9951792	3246442
9	2130	0	0
10	2130	0	0
0	2131	8212020	2363607
9	2131	832674	416337
10	2131	907098	453549
0	2132	6506686	1484948
9	2132	1647876	823938
10	2132	1797230	898615
0	2133	9951792	3247061
9	2133	0	0
10	2133	0	0
0	2134	9951792	3247325
9	2134	0	0
10	2134	0	0
0	2135	8217408	2366725
9	2135	828306	414153
10	2135	906078	453039
0	2136	9951792	3252589
9	2136	0	0
10	2136	0	0
0	2137	9951792	3245393
9	2137	0	0
10	2137	0	0
0	2138	9951792	3250695
9	2138	0	0
10	2138	0	0
0	2139	9951792	3128537
9	2139	0	0
10	2139	0	0
0	2140	9951792	3247128
9	2140	0	0
10	2140	0	0
0	2141	8217638	2365108
9	2141	821712	410856
10	2141	912442	456221
0	2142	9951792	3276601
9	2142	0	0
10	2142	0	0
0	2143	9951792	3280970
9	2143	0	0
10	2143	0	0
0	2144	9951792	3274828
9	2144	0	0
10	2144	0	0
0	2145	9951792	3283479
9	2145	0	0
10	2145	0	0
0	2146	9951792	3292142
9	2146	0	0
10	2146	0	0
0	2147	9951792	3288965
9	2147	0	0
10	2147	0	0
0	2148	9951792	3293921
9	2148	0	0
10	2148	0	0
0	2149	9951792	3271776
9	2149	0	0
10	2149	0	0
0	2150	9951792	3274178
9	2150	0	0
10	2150	0	0
0	2151	9951792	3284832
9	2151	0	0
10	2151	0	0
0	2152	9951792	3301637
9	2152	0	0
10	2152	0	0
0	2153	9951792	3271854
9	2153	0	0
10	2153	0	0
0	2154	9951792	3285655
9	2154	0	0
10	2154	0	0
0	2155	9951792	3302245
9	2155	0	0
10	2155	0	0
0	2156	9951792	3300834
9	2156	0	0
10	2156	0	0
0	2157	9951792	3318864
9	2157	0	0
10	2157	0	0
0	2158	9951792	3340433
9	2158	0	0
10	2158	0	0
0	2159	9951792	3373821
9	2159	0	0
10	2159	0	0
0	2160	9951792	3375871
9	2160	0	0
10	2160	0	0
0	2161	9951792	3372172
9	2161	0	0
10	2161	0	0
0	2162	9951792	3373430
9	2162	0	0
10	2162	0	0
0	2163	9951792	3417673
9	2163	0	0
10	2163	0	0
0	2164	9951792	3426726
9	2164	0	0
10	2164	0	0
0	2165	9951792	3395631
9	2165	0	0
10	2165	0	0
0	2166	9951792	3458767
9	2166	0	0
10	2166	0	0
0	2167	9951792	3483964
9	2167	0	0
10	2167	0	0
0	2168	9951792	3487282
9	2168	0	0
10	2168	0	0
0	2169	9951792	3496521
9	2169	0	0
10	2169	0	0
0	2170	9951792	3504961
9	2170	0	0
10	2170	0	0
0	2171	9951792	3488999
9	2171	0	0
10	2171	0	0
0	2172	9951792	3497707
9	2172	0	0
10	2172	0	0
0	2173	9951792	3526592
9	2173	0	0
10	2173	0	0
0	2174	9951792	3546118
9	2174	0	0
10	2174	0	0
0	2175	9951792	3545652
9	2175	0	0
10	2175	0	0
0	2176	9951792	3462113
9	2176	0	0
10	2176	0	0
0	2177	9951792	3488216
9	2177	0	0
10	2177	0	0
0	2178	9951792	3505895
9	2178	0	0
10	2178	0	0
0	2179	9951792	3541574
9	2179	0	0
10	2179	0	0
0	2180	9951792	3549391
9	2180	0	0
10	2180	0	0
0	2181	9951792	3565641
9	2181	0	0
10	2181	0	0
0	2182	9951792	3574395
9	2182	0	0
10	2182	0	0
0	2183	9951792	3589095
9	2183	0	0
10	2183	0	0
0	2184	9951792	3572263
9	2184	0	0
10	2184	0	0
0	2185	9951792	3553066
9	2185	0	0
10	2185	0	0
0	2186	9951792	3563245
9	2186	0	0
10	2186	0	0
0	2187	9951792	3547042
9	2187	0	0
10	2187	0	0
0	2188	9951792	3529235
9	2188	0	0
10	2188	0	0
0	2189	9951792	3504522
9	2189	0	0
10	2189	0	0
0	2190	9951792	3489437
9	2190	0	0
10	2190	0	0
0	2191	9951792	3489481
9	2191	0	0
10	2191	0	0
0	2192	9951792	3498089
9	2192	0	0
10	2192	0	0
0	2193	9951792	3497694
9	2193	0	0
10	2193	0	0
0	2194	9951792	3520813
9	2194	0	0
10	2194	0	0
0	2195	9951792	3519438
9	2195	0	0
10	2195	0	0
0	2196	9951792	3487514
9	2196	0	0
10	2196	0	0
0	2197	9951792	3396815
9	2197	0	0
10	2197	0	0
0	2198	4751864	599692
9	2198	2496628	1248314
10	2198	2703300	1351650
0	2201	5197546	639202
9	2201	2288196	1144098
10	2201	2466050	1233025
0	2202	4993848	646573
9	2202	2395574	1197787
10	2202	2562370	1281185
0	2203	8315898	2306840
9	2203	783700	391850
10	2203	852194	426097
0	2204	9951792	3149072
9	2204	0	0
10	2204	0	0
0	2205	5062834	610015
9	2205	2356402	1178201
10	2205	2532556	1266278
0	2206	4920372	672444
9	2206	2413972	1206986
10	2206	2617448	1308724
0	2207	9951792	3204382
9	2207	0	0
10	2207	0	0
0	2208	6677722	1567687
9	2208	1570456	785228
10	2208	1703614	851807
0	2209	8277738	2346559
9	2209	803384	401692
10	2209	870670	435335
0	2210	8259432	2355301
9	2210	816588	408294
10	2210	875772	437886
0	2211	6588644	1488820
9	2211	1621166	810583
10	2211	1741982	870991
0	2212	8274172	2330633
9	2212	806696	403348
10	2212	870924	435462
0	2213	6547424	1484270
9	2213	1640272	820136
10	2213	1764096	882048
0	2214	4867944	637082
9	2214	2442652	1221326
10	2214	2641196	1320598
0	2215	8248088	2349760
9	2215	819190	409595
10	2215	884514	442257
0	2216	6533394	1480451
9	2216	1646326	823163
10	2216	1772072	886036
0	2217	8262018	2363713
9	2217	809470	404735
10	2217	880304	440152
0	2218	4803770	635325
9	2218	2474296	1237148
10	2218	2673726	1336863
0	2219	4905128	703171
9	2219	2414984	1207492
10	2219	2631680	1315840
0	2220	4745598	636704
9	2220	2502168	1251084
10	2220	2704026	1352013
0	2221	4919098	620911
9	2221	2414376	1207188
10	2221	2618318	1309159
0	2222	8389812	2364446
9	2222	745774	372887
10	2222	816206	408103
0	2223	6636278	1517581
9	2223	1583000	791500
10	2223	1732514	866257
0	2224	8153982	2481119
9	2224	857942	428971
10	2224	939868	469934
0	2225	9951792	3381455
9	2225	0	0
10	2225	0	0
0	2226	9951792	3349388
9	2226	0	0
10	2226	0	0
0	2227	9951792	3285606
9	2227	0	0
10	2227	0	0
0	2228	9951792	3261611
9	2228	0	0
10	2228	0	0
0	2229	9951792	3264003
9	2229	0	0
10	2229	0	0
0	2230	9951792	3271026
9	2230	0	0
10	2230	0	0
0	2231	9951792	3290809
9	2231	0	0
10	2231	0	0
0	2232	9951792	3285729
9	2232	0	0
10	2232	0	0
0	2233	9951792	3276918
9	2233	0	0
10	2233	0	0
0	2234	8189754	2400782
9	2234	842872	421436
10	2234	919166	459583
0	2235	8196480	2399579
9	2235	837312	418656
10	2235	918000	459000
0	2236	9951792	3278733
9	2236	0	0
10	2236	0	0
0	2237	9951792	3270715
9	2237	0	0
10	2237	0	0
0	2238	9951792	3247951
9	2238	0	0
10	2238	0	0
0	2239	9951792	3240498
9	2239	0	0
10	2239	0	0
0	2240	9951792	3257699
9	2240	0	0
10	2240	0	0
0	2241	9951792	3304279
9	2241	0	0
10	2241	0	0
0	2242	9951792	3329461
9	2242	0	0
10	2242	0	0
0	2243	9951792	3318407
9	2243	0	0
10	2243	0	0
0	2244	9951792	3317528
9	2244	0	0
10	2244	0	0
0	2245	9951792	3325369
9	2245	0	0
10	2245	0	0
0	2246	9951792	3315476
9	2246	0	0
10	2246	0	0
0	2247	9951792	3302681
9	2247	0	0
10	2247	0	0
0	2248	9951792	3291384
9	2248	0	0
10	2248	0	0
0	2249	9951792	3300380
9	2249	0	0
10	2249	0	0
0	2250	9951792	3291751
9	2250	0	0
10	2250	0	0
0	2251	9951792	3281429
9	2251	0	0
10	2251	0	0
0	2252	9951792	3282995
9	2252	0	0
10	2252	0	0
0	2253	9951792	3294125
9	2253	0	0
10	2253	0	0
0	2254	9951792	3285932
9	2254	0	0
10	2254	0	0
0	2255	9951792	3292800
9	2255	0	0
10	2255	0	0
0	2256	9951792	3291180
9	2256	0	0
10	2256	0	0
0	2257	9951792	3336308
9	2257	0	0
10	2257	0	0
0	2258	9951792	3350936
9	2258	0	0
10	2258	0	0
0	2259	9951792	3351449
9	2259	0	0
10	2259	0	0
0	2260	9951792	3331630
9	2260	0	0
10	2260	0	0
0	2261	9951792	3336306
9	2261	0	0
10	2261	0	0
0	2262	9951792	3337733
9	2262	0	0
10	2262	0	0
0	2263	9951792	3367749
9	2263	0	0
10	2263	0	0
0	2264	9951792	3296920
9	2264	0	0
10	2264	0	0
0	2265	9951792	3390560
9	2265	0	0
10	2265	0	0
0	2266	9951792	3438529
9	2266	0	0
10	2266	0	0
0	2267	9951792	3480592
9	2267	0	0
10	2267	0	0
0	2268	9951792	3497533
9	2268	0	0
10	2268	0	0
0	2269	9951792	3486375
9	2269	0	0
10	2269	0	0
0	2270	9951792	3476929
9	2270	0	0
10	2270	0	0
0	2271	9951792	3522221
9	2271	0	0
10	2271	0	0
0	2272	9951792	3529947
9	2272	0	0
10	2272	0	0
0	2273	9951792	3519771
9	2273	0	0
10	2273	0	0
0	2274	9951792	3546300
9	2274	0	0
10	2274	0	0
0	2275	9951792	3549468
9	2275	0	0
10	2275	0	0
0	2276	9951792	3537639
9	2276	0	0
10	2276	0	0
0	2277	9951792	3522632
9	2277	0	0
10	2277	0	0
0	2278	9951792	3522534
9	2278	0	0
10	2278	0	0
0	2279	9951792	3525046
9	2279	0	0
10	2279	0	0
0	2280	9951792	3534676
9	2280	0	0
10	2280	0	0
0	2281	9951792	3559641
9	2281	0	0
10	2281	0	0
0	2282	9951792	3568963
9	2282	0	0
10	2282	0	0
0	2283	9951792	3587163
9	2283	0	0
10	2283	0	0
0	2284	9951792	3561005
9	2284	0	0
10	2284	0	0
0	2285	9951792	3537285
9	2285	0	0
10	2285	0	0
0	2286	9951792	3477931
9	2286	0	0
10	2286	0	0
0	2287	9951792	3432199
9	2287	0	0
10	2287	0	0
0	2288	9951792	3413739
9	2288	0	0
10	2288	0	0
0	2289	9951792	3392884
9	2289	0	0
10	2289	0	0
0	2290	9951792	3403661
9	2290	0	0
10	2290	0	0
0	2291	9951792	3421048
9	2291	0	0
10	2291	0	0
0	2292	9951792	3425724
9	2292	0	0
10	2292	0	0
0	2293	9951792	3410284
9	2293	0	0
10	2293	0	0
0	2294	9951792	3476532
9	2294	0	0
10	2294	0	0
0	2295	9951792	3499573
9	2295	0	0
10	2295	0	0
0	2296	9951792	3502384
9	2296	0	0
10	2296	0	0
0	2297	9951792	3508889
9	2297	0	0
10	2297	0	0
0	2298	6105966	1583261
9	2298	1840718	920359
10	2298	2005108	1002554
